2707537204967957858946903455830435197511836926557258607467705933638
3092828765510079115566271453371349244002807523020049582464364200135
2578253331649751819026233491760843175728365907799588201511852886526
4242815314993160431429347145131797986368341841072682663112385299187
5064343958159860695572447286485828249764397826241502923190683674174
2923863728602557318581611606830275519010132091640734581062601586375
3218400558158665996639064872587228899400012678685678929574059557712
3048411437785220712215118642687108884746498358304760756308557385049
4630666884258506361916475036997253663549300850395660896635455649212
4194429863587612310744020154904935039524563793369382162871708081080
3262433879224490689138408708704422238687504249847769905598476075188
3233248971719796565906420980486538754139602775962966921773741305664
2557772717081507302979728661656186513963832811574638890211596820602
2590541699878768217996023865553435535854374812110126691188772264682
3324899771322283158492096139474988873328111801773675834763681841432
3651309531699623988873038607769210926366889332760822742994622328210
4661899822499138201245546392661749815053798091534801680869905274888
3840115198787119143301801223029273885639765928046171074933814241291
3106013163954481760835139070194292549172648649456238234786739990753
2768979056865095953276098550184680103904735426324371257523790229198
2772179183356239274088952940534776222125921120520945391555719967754
2923479717591342197723409406303437975857701477974976332714001293454
3383397477529614163133396879977131028029126249402664809288677366080
4601354074291505120355311180710608049155449155649580737401478295477
3949814469832023048615055773811929342083086563930576752968908668570
3730159890363359984787634585681753744083743005553814326282830277290
3407846224226922212775459373053778692871134585364118800176616438797
2750546503753675063674699108041361057582190929474128526879724710530
2946136360592540541564393976639593197244958170683762562778341947577
4745102314062726817722793643663103049299867851692038131661968276558
3610604325093532761684865439994876832064010333178142104977172022644
4722829711257509640595028405497895751033699826120382636757941173934
4290560746937534808157306646973645144482636460707388767623591417676
3935606047827369752645171638103910401013755761480306888923073038899
4713741378381155936530249785620047863600931489616487682710261587045
3858035761111069592981841535259762878232642011955182543408117396702
5086872630088885688473954638691372841766209534216949484342792605536
2783059510101652009423747941940131076084393651871710895011905457565
3370725095985428469270411765868458016569031854254169096924827335608
3275362234657847784409003596970384505685270131250169866967188337270
3171039121353039893699661880925112750255778861996476150317856278350
4350594482085057185018596232995509802625903213626253579256110481326
4015864446694669516640040394830582859206953816325402945207978402493
4870930087512648235862427246671025708907462709501384714422338778901
4164476915116128332411916517271323084904384451620869994943025037220
2734802029768227885529430498729106137008634586842677066225166773764
3747312397640056982732574529491101536854158304119663531335243340143
4040825192883660271541956447696977580309338358572698989643471250071
3705583169521806415429087704134569587977647361967692003764557620612
3022938677512003335817761090093047923964659613007434383172170030521
3217888543818460994777197645603115325546800618840871583681511609492
3392741755110321795424462278683450114219562780230621028163181808925
3332195990262230585919411819334257927037948194356635974313268722802
2862037848285812162544419752118802008550592563303350760188482490833
4179581376040472889254003780735604428951195201722065600189651200711
3758064719008402378713715074692246458800673209767431559088075450153
3271522169091578847722275540777536816779972627405686920068320512802
3077084322501513310512796957836318165293936452840183471515035581195
3704047131621447032076172028237483008803004837705591516846042259608
3533545993579769412128527034096259029587135099042858691121829730923
2643023269077829612069097107510357621360873602515949893393289101350
3003226105958590928205828148069352772748971958518938859509046763115
4880786393769970871369805532080041620825124071344359347833548368503
5062295892606869047343403592667853939436781633018649786604182933981
3350116494216574350976097554363529974941505612079738153265534723150
2679376400897667239204275516780398762871170562069407330239065673495
5202588047102222735316796882250972060655620865721057922498929196067
3403878108482352330798952471304734276937926209389875354367592662105
4748302475370830676255282071009834311913705871762917407199419108732
5029910921844831280028464612665145087587905494589748648006574235657
3871988144968754361245043729281592475575262077204720707198763551812
3609196282841921708209504577669302545261553978308163996846861910267
3544170328515482695164402966762950143194174582228763924116647276739
4727181784507679950113008443115137300912658601723567805660814445559
2781907434315051000786819776149711942939947750114530831059376116078
2629198854244220213033201217758910997115516147368282183419315783793
3918197564869421399938768529243650013248205486890659670561735613080
4314625404541543015218448960184196163245447972385994553683199251774
3631340929679410972073246807005319275451088630284203729622383041611
4936724062837317646135487158815765342489641809440712054781013608587
3350116494216568746838792048592930614296421652586352185166743794760
3398629933334782503842145956214972886563797437975836472111882775601
2708561235696426441510913525705733229817395055160899551215328148801
2703313109958118474866205660148274748277426751801262966476833342516
3456615703284107576093245286946599014734452606590116047894018662112
3083740530684435398717193830754492893182124630694276542048068116609
4967573061492790592877949847067693900657654199365733895202622218242
4192381748881331487490733312624290126899976824018947608548149465583
3974263203728957188437112278065061220857802898953822162957820694607
2735186067404115334826485965970603301816467215220235000929987743885
4537608095909860591327260349544208710079729919180218322194267618447
3021914636543336662749702178021910641182103863189686365976270161801
4705293191945581056765144444136672465641952900640424720028094322078
3338340141863797184321456842845350719745681486648595955310629080203
4282624509816292778455589058346821854567886137487286441217738188977
2791379759769999347811174281286524780455575995950364397083959612413
4677004341281034819620818989070449245560167442668278117904417048108
3328995861211034937692339112331771193561132620092996704994450628943
4491398705194057115927113293958026813657193597328378397142839549575
3006170193022699277165287392163998471897076930866490954892652476497
3254369605749343835084483514109342114768721047300435468580935328058
4354050651075232943632628297462326375898460511276756229154962874501
4179581376040461582961182482672530145438030040417956077366913933753
3795057854929077025763848138097037673552478918467014897823741929587
3602924074917891976533745999137577623440554523904606416571039914943
5065751942809811324923905391953536033676184328349687750570685290894
4267264049146123681855556607011368303173648897983526084329591437534
2756690712700775945308081370168657797091319403808274788092242836292
3620844644665967299794351825647615609709727764023170089402368631816
3169887119808470397840906414005109251842445229255279517001379086181
2694224805498612006913746393668451889835967558078189915779092592873
2605646152610876045833733129043271880499095454638670189595029758585
4514055388388332974584943626187474581606870987694941006720287659853
2754770655085036558989918952777723929979772425526961934705618063618
2954456610260962106734273086139250735234951918735783074834114430367
2672208144837704580843975688489409316036125812272406855441951307133
3906933224808788391417084472803958946112116294121150292729148709887
2848981490035368848718478692261345179691927289319797737250723214917
4483718474730967893568982214411122002729117210770751689485653537600
2787411634553230584063247854930820261189538415771589913308391597334
3003226105958533621823442558739428356048304770263908182552794502915
3650413501740176094925305891319178188447785725343506003606612526966
3632492998297798791923327901831963635266575516900013879215171128638
4633099024824254766152924839939924232736269880979452310761682120506
3338596181802768618500018975437852633722443182296705778796063400258
2750162523207289782859935721059743739561738159471436391706692884409
4297728896754619840821149016442311249588137420549166874205882511024
4444165354151665348219289436672387795898431207343696864014790781901
4924179758352170242600105866369240669612372851601777453906622099666
3133662023830501416264305024095257474918056375016441167055010236029
3766384969956795558840448280670823467870256938537000419759192051539
2824532755626468253788864329397024395498269967774595362610875745557
2750290528328385127967849380820966758429754327423553544516710471487
4155644654435672996281813545594635098157967448773230101304666906743
3529449887050507229084645231184092847941358778472405686962626211810
4179837414955368327964410017387061089350016027361451471226546859612
2669392059822497945294073298404096711066243673144783182200390461746
3571435164836013558258485126372770634389343909480338405729990058824
4305537131058806529741255879348028922336789031515148079383882565354
3166174975393063394824199255186654952954478712338297285880783323407
4408964300166502007708760172850525999251896799653275834658686915475
4164732954031032466317760579859824919828198698992300614332264371948
2784595548002071845190968123904424415726065460323356458521981317827
2649423502091558017745272409440123373618628863059563106179576278648
3484904556252626763790195358759073656452952214862370260405216522632
3356516668860680937662155326067398393271870699600311466535252074375
3759344783019655093168183270871053757884619146981421858387580290530
4053241605658825914974372763048979662725719498217177366067441198206
3930613912106750228558669000607530700093967290027443863202162788926
4438661123704693322723181924906129924490747417390668150725932852828
3930613912106749673523534414063768048719594764272714626901885632397
4706829171476372300364111109026761440047795539354060212886808439254
3655533690199180657535160846012088989058137043104371813386888506488
2921815630280683292766830600260709731304458472676881750500227565543
4629898924189832431287926240883195969599005084890182893774498305374
3951606544087329833737131961724954743205640125592594699469487327663
2580557435605628340859910703738518170400595795119069631072274700914
3855859654596089382915482597827174832934137985005026173488652998596
3550954534139267424362999307242877292598970238392247228579025753410
5060247843438420234892597526012694847857073987134372025299243865891
3913333411229184309246826067176806765846239113373941650486805609341
2590797738793720834053421895671002804543463962574223690881817877855
2755282668401204462414079092292402781490685037571116251423755164904
4761102859732005241388607861161820932037531329159106383974637628109
3429350868499597949973258664164765240035846644031434025604170116325
2935256066616020023040906546461861880725340827310360131361970363644
4581129465613266308246046572689939182683082699510907287459444693843
4150140505910908129203302410950323048379822287358332458703762328980
2749010448444757517625224959672113667308225822187889845297177361018
3248865455432555392997529067564744127557759851551437566029043759426
3569771066005046926716240501868256823159780828341042062116655884445
4293120759500774315112429310438770356134742276185676415858523018869
3916533471670533258471287450238001149348629270524845324385555843887
3894132852479928846954697620429516574824452202940577618228460558492
2582989502185432513495657021747456100896969075278937684992165186355
2922455695055214685618073586565135155209104035815507853995925073467
4650123466050314512808095642599298032567429265855767381929091824526
3551210507004474327905776702947867316828022141836060827638621894231
2563788894538816092358473916581309592848649376608499615847157644045
2690000718681005622791039540697867433004484577819998217262463218595
5205148190485049155972490079899578103032621316620297280506841738450
4726413753269137674731675339400172108884382323453251240569583251961
3748208431695670732336191525374183539571711722348994256630064049864
3322211657379243005697868918181645849044516968226056768748945276057
3873396194388550385959783306413368130853861602560686308129940043746
2722641665892314470071763644500155913153596220631602369063949977924
3214176399659034435213699464810320836605087609908272228013629716546
3256801678729307027447076557457049292031034340287591920682984431608
3003226105958529976734757676050781636325718421558547582518427111318
5007254180536938712392043275377173148117874114743090735698902671746
2858837775300088992535024672306629785435781837283404144344487088191
4229630854339072892843636449930761229656013002248675196447075190604
4605578201046183141182807279326127959548333512817545615809005820704
2926039761643510157735137645006688115031752548013634750718722487457
4084474553627775797852195535498734745978947041125412312166806134280
4917907496410665277995113056556779270494606425119318194367705391146
4299904963076559018976247006157214924434512083231049230473836028015
2925655754216524585244299447424992414048302574299619718542224838714
4869906067024538780592411160863432745509724873009071890370240343226
4632074992047778669071264182569497982594863723979425211582858082115
3139294159043927135916583299906539829257943125660551175126940915387
3148638433040488846969697298052599795446554086789312982728410588408
2590413729830569618094100060827629476798137853162881210760478285238
4352258599348522678535588399345775662970505007604076887186749124680
4417028477383042285360422469653755413612081731466525356762044704227
3854323622839803602373418340421932601005081020182306927664687101285
5001878084750555736804494707642339152796020569400039503999244451298
3523433724185559513654769980779682298350633937427788909604098987944
4416516526532578822704022614240673583580359845839889125263571206149
4438661123704697530810326659350241164540286817900087444480011792335
4367747061811718439563586101559608194724788244096841842205284876952
3191903780469387378079792216505431137363559692673681001509600311926
2719697568587909379358103140128261708742140084708165323051386554341
5009302311627642573494957584682997325319983778003218215520444740287
4932499945554860574434953538017251003864616856011470009580090403890
3100509031814135138532174956362973468566215904538992150091487260239
3316963481463612970561177070434669471179706668489489856513418407337
3033690985823953915577176871683671021505947650121721352473189820823
3239905203199317300968956794894852986849220567587579929012737467205
3099997019522067410196159789240219253325908013946536413985867864436
2597709945698503032159127656163985430232439927587422441223834278024
2678224325111129571168383907745213555915681552692931363914477540686
2756562715003872290435758160202066669096503801254158074452111698901
4913171363251967369088224450351086925055397129298336013471614120314
4501511008637149517577400857319205047633042537920201484905151884904
4282112427890347242642251207356356309082565028341542778313028340542
4156156666727800394064208035510075038649302423366725939466208144062
4925203782936441871495103600718798449386071752287394868729813469554
3580779428592348138087318472171588041328945520770018993793037333527
2709969285884178290849391044561910421342821438194545443995038268483
5131929991355324798941847791573671283536234731425824138679243214078
4284160489347159413844388294840861329947188269289548451625704794693
2925655754216506195840141535934187425356854087925680182064439353360
4765326929141181786833551318349164776424016166096633220842019507021
3433702999095304245736213807907750586000685424681292004450037584759
3149534476312346367372924561197919622345047531412672796762619038797
2798419931602831545952092525355002206719982324598854126323107047757
3239521175547736920790772139770850131762418852067763932174645482717
3080028408541660750735779593263695664632472758486751445408323470929
4600073970343204588663474348924463050750926314960185977495365658611
4305537131058851841819178096860757757637369222992853867020139657400
3861619842035807695132038281186348335282098118583781082228594795112
3791217729969315391466957688866660733362411585440186938373092268696
4996117846365465734222063476034358853189789945343045612890804652576
3083740530684439956865953859429777838288743024563199250506668001903
4723085718939595231007368565460596329293574700736363098695020707462
3892340780272673276420310509339349904979208582843415296789090573408
4582793515802938237503379148314293015594948965047221796393853246895
4233470969058648682908085549643255004371060458588561373993153993826
4286208550803991808513419115158954671367560534802910929938552838445
4180605400624720104496569961619599886935260838304530520976417821610
2582733463782503100807538052694065181688029220986187230146052945178
3306339214369747927925677659350766218957044044678759622041814825858
3404518107463118500581431613407470615896638300863788498965477996280
5203868078344607265562005223780731014009775556360205441097896769927
4322561642174733329499514820680040790122027194427043482767763718004
